y2 =

 Columns 1 through 8:

   0.00000   0.00300   0.01175   0.02590   0.04510   0.06899   0.09724   0.12952

 Columns 9 through 16:

   0.16552   0.20490   0.24738   0.29264   0.34039   0.39036   0.44226   0.49582

 Columns 17 through 24:

   0.55078   0.60688   0.66389   0.72155   0.77964   0.83793   0.89620   0.95425

 Columns 25 through 32:

   1.01187   1.06887   1.12505   1.18025   1.23428   1.28698   1.33820   1.38778

 Columns 33 through 40:

   1.43559   1.48148   1.52533   1.56703   1.60645   1.64349   1.67806   1.71006

 Columns 41 through 48:

   1.73942   1.76605   1.78990   1.81090   1.82899   1.84414   1.85630   1.86545

 Columns 49 through 56:

   1.87156   1.87462   1.87462   1.87156   1.86545   1.85630   1.84414   1.82899

 Columns 57 through 64:

   1.81090   1.78990   1.76605   1.73942   1.71006   1.67806   1.64349   1.60645

 Columns 65 through 72:

   1.56703   1.52533   1.48148   1.43559   1.38778   1.33820   1.28698   1.23428

 Columns 73 through 80:

   1.18025   1.12505   1.06887   1.01187   0.95425   0.89620   0.83793   0.77964

 Columns 81 through 88:

   0.72155   0.66389   0.60688   0.55078   0.49582   0.44226   0.39036   0.34039

 Columns 89 through 96:

   0.29264   0.24738   0.20490   0.16552   0.12952   0.09724   0.06899   0.04510

 Columns 97 through 100:

   0.02590   0.01175   0.00300   0.00000

